1000 vertices, 0 faces.
Search_Radius = 1
memory usage = 4016
time = 0.012543
count = 100000
10000 vertices, 0 faces.
Search_Radius = 1
memory usage = 40016
time = 0.144196
count = 1000000
100000 vertices, 0 faces.
Search_Radius = 1
memory usage = 400016
time = 2.6505
count = 10000000
1000000 vertices, 0 faces.
Search_Radius = 1
memory usage = 4000016
time = 28.4455
count = 100000000
