1000 vertices, 0 faces.
Search_Radius = 0.232079
memory usage = 28084
time = 0.04436
count = 70586
10000 vertices, 0 faces.
Search_Radius = 0.107722
memory usage = 280084
time = 2.44441
count = 862588
100000 vertices, 0 faces.
Search_Radius = 0.05
memory usage = 2800084
time = 232.797
count = 9358294
