100 vertices, 0 faces.
Search_Radius = 0.232079
memory usage = 1236
time = 0.000771
count = 886
1000 vertices, 0 faces.
Search_Radius = 0.107722
memory usage = 12036
time = 0.028138
count = 9382
10000 vertices, 0 faces.
Search_Radius = 0.05
memory usage = 120036
time = 1.32325
count = 102836
100000 vertices, 0 faces.
Search_Radius = 0.0232079
memory usage = 1200036
time = 104.151
count = 1063446
